42
*
22
*
4
*
00-1-0
#
01-1-1
#
02-1-2
#
03-1-3
#
04-1-4
#
05-1-5
#
06-1-6
#
07-1-7
#
08-1-8
#
09-1-9
#
10-1-10
#
11-1-11
#
12-1-12
#
13-1-13
#
14-1-14
#
15-1-15
#
16-1-16
#
17-1-17
#
18-1-18
#
19-1-19
#
20-1-20
#
21-1-21
#
22-1-22
#
23-1-23
#
24-1-24
#
25-1-25
#
26-1-26
#
27-1-27
#
28-1-28
#
29-1-29
#
30-1-30
#
31-1-31
#
32-1-32
#
33-1-33
#
34-1-34
#
35-1-35
#
36-1-36
#
37-1-37
#
38-1-38
#
39-1-39
#
40-1-40
*
000000000000011110001111111111111111110000
000000000000111111001111111111111111110000
000000000000111111001111111111111111110000
000000000000111111001111111111111111110000
000000000000111111001111111111111111110000
000000000000111110001111111111111111110000
000000000000111110111111111111111111111100
000000000000111110111111111111111111111100
000000000000111110111111111111111111111100
000000000000111110111111111111111111111100
000000000000111110111111111111111111111100
000000000000111110111111111111111111111100
111100111111111110111111111111111111111100
111100111111111110111111111111111111111100
000000000000111110111111111111111111111100
000000000000000000111111111100111111111100
000000000000000000000000111000011100000000
000000000000000000000000000000000000000000
000000000000000000000000000000000000000000
000000000000000000000000000000000000000000
000000000000000000000000000000000000000000
000000000000000000000000000000000000000000
000000000000000000000000000000000000000000
*
01 01 01 01 01 01 01 01 01 01 01 01 05 19 19 19 19 07 01 01 32 26 26 26 26 34 32 26 26 26 26 34 32 26 26 26 26 34 01 01 01 01
01 01 01 01 01 01 01 01 01 01 01 01 09 19 19 19 19 09 01 01 30 12 12 12 12 33 30 12 12 12 12 33 30 12 12 12 12 33 01 01 01 01
01 01 01 01 01 01 01 01 01 01 01 01 17 21 21 21 21 17 01 01 30 12 12 12 12 33 30 12 12 12 12 33 30 12 12 12 12 33 01 01 01 01
01 01 01 01 01 01 01 01 01 01 01 01 17 17 17 17 17 17 01 01 30 12 12 12 12 33 30 12 12 12 12 33 30 12 12 12 12 33 01 01 01 01
01 01 01 01 01 01 01 01 01 01 01 01 17 17 17 17 17 17 01 01 28 26 26 26 26 31 30 12 12 12 12 33 28 26 26 26 26 31 01 01 01 01
01 01 01 01 01 01 01 01 01 01 01 01 17 17 17 17 17 11 01 01 27 29 29 29 29 27 30 12 12 12 12 33 27 29 29 29 29 27 01 01 01 01
01 01 01 01 01 01 01 01 01 01 01 01 17 17 17 17 17 01 32 26 26 26 26 34 32 26 18 12 12 12 12 16 26 34 32 26 26 26 26 34 01 01
01 01 01 01 01 01 01 01 01 01 01 01 17 17 17 17 17 01 30 12 12 12 12 33 30 12 12 12 12 12 12 12 12 33 30 12 12 12 12 33 01 01
01 01 01 01 01 01 01 01 01 01 01 01 17 17 17 17 17 01 30 12 12 12 12 33 30 12 12 12 12 12 12 12 12 33 30 12 12 12 12 33 01 01
01 01 01 01 01 01 01 01 01 01 01 01 17 17 17 17 17 01 30 12 12 12 12 33 30 12 12 12 12 12 12 12 12 33 30 12 12 12 12 33 01 01
01 01 01 01 01 01 01 01 01 01 01 01 17 17 17 17 17 01 28 26 26 26 26 31 30 12 12 12 12 12 12 12 12 33 28 26 26 26 26 31 01 01
07 03 03 03 12 12 03 03 03 03 03 05 17 17 17 17 17 01 27 29 29 29 29 27 28 26 26 26 26 26 26 26 26 31 27 29 29 29 29 27 01 01
09 09 09 11 12 12 13 09 09 09 09 09 17 17 17 17 17 01 27 02 02 02 02 27 29 29 29 29 29 29 29 29 29 29 27 02 02 02 02 27 01 01
17 17 17 07 12 12 05 17 17 17 17 17 17 17 17 17 17 01 27 02 02 02 02 27 02 02 02 02 02 02 02 02 02 02 27 02 02 02 02 27 01 01
11 15 15 15 12 12 15 15 15 15 15 13 17 17 17 17 17 01 27 02 23 25 02 27 02 02 02 02 37 38 02 02 02 02 27 02 23 25 02 27 01 01
01 01 01 01 12 12 01 01 01 01 01 01 15 15 15 15 15 01 27 00 22 24 00 27 04 06 00 00 35 36 00 00 04 06 27 00 22 24 00 27 01 01
01 01 01 01 12 12 01 01 01 01 01 01 01 01 01 01 01 01 01 01 12 12 01 01 08 10 39 01 12 12 01 40 08 10 01 01 12 12 01 01 01 01
01 01 01 01 12 12 01 01 01 01 01 01 01 01 01 01 01 01 01 01 12 12 12 12 12 12 12 12 12 12 12 12 12 12 12 12 12 12 01 01 01 01
01 01 01 01 12 12 12 12 12 12 12 12 12 12 12 12 12 12 12 12 12 12 12 12 12 12 12 12 12 12 12 12 12 12 12 12 12 12 01 01 01 01
01 01 01 01 12 12 12 12 12 12 12 12 12 12 12 12 12 12 12 12 12 12 01 01 01 01 01 01 01 01 01 01 01 01 01 01 01 01 01 01 01 01
01 01 01 01 01 01 01 01 01 01 01 01 01 01 01 01 01 01 01 01 01 01 01 01 01 01 01 01 01 01 01 01 01 01 01 01 01 01 01 01 01 01
01 01 01 01 01 01 01 01 01 01 01 01 01 01 01 01 01 01 01 01 01 01 01 01 01 01 01 01 01 01 01 01 01 01 01 01 01 01 01 01 01 01